6 7
1.0 2.0 3.0 4.0 5.0 6.0 7.0
2.0 3.0 4.0 5.0 1.0 3.0 5.0
3.0 2.0 5.0 3.0 2.0 1.0 0.0
4.0 3.0 2.0 7.0 2.0 5.0 3.0
5.0 4.0 3.0 2.0 9.0 1.0 2.0
6.0 7.0 8.0 9.0 10.0 11.0 5.0

6 7
13.0 15.5 17.0 14.0 15.0 16.0 17.0
11.5 22.0 23.0 24.0 25.0 26.0 27.0
21.0 20.5 33.0 32.0 35.0 36.0 37.0
33.0 32.0 37.5 44.0 43.0 42.0 41.0
42.0 47.0 42.0 49.5 55.0 60.0 65.0
54.0 53.0 52.0 59.0 51.2 70.0 60.0

7 6
1.0 2.0 3.0 4.0 5.0 6.0
7.0 8.0 9.0 1.0 2.0 3.0
2.0 3.0 4.0 5.0 1.0 3.0
5.0 3.0 2.0 5.0 3.0 2.0 
1.0 0.0 4.0 3.0 2.0 7.0 
2.0 5.0 3.0 5.0 4.0 3.0 
2.0 9.0 1.0 2.0 6.0 7.0